3789 985
1063 2018
2315 3761
3857 3855
3831 1959
2305 2081
3675 2081
104 1431
2360 351
4453 3761
1078 10760
1617 1621
1105 581
2018 1722
1631 581
8214 1722
1566 7021
3761 3641
351 985
104 2496
3831 1682
3831 6352
2346 1682
2321 2305
1675 2702
227 4528
5915 1063
3246 2394
267 6967
4590 2595
1661 2496
1722 1736
1069 3369
110 1063
535 3761
6532 2595
1682 2305
2602 9423
802 813
4590 1631
2315 3730
1431 152
2081 1959
1675 1505
6304 2321
833 2018
11249 2065
104 202
1431 1736
1431 535
1747 4590
2451 3488
1063 6741
2595 4590
5397 1736
2595 5460
13715 985
1661 2702
6304 3287
1631 2202
2135 698
5108 535
2081 1513
573 581
3855 3761
1682 2315
7076 4590
73 1063
9403 3761
202 227
202 1566
1421 1411
2305 2315
1959 1513
1747 1566
407 1985
4018 3761
2015 2018
267 2817
2305 2610
2305 2981
1069 1675
3831 1675
3943 1431
110 1015
5433 5609
1959 3128
2305 1682
915 1631
915 6671
5417 3434
581 4590
61 104
831 5992
3641 1959
4304 2053
10817 3818
1431 1631
1431 6105
8304 152
1722 1739
2394 1063
2018 6741
3488 6613
3630 3641
1022 1950
5670 2305
523 535
3761 5470
1505 2338
6084 6468
2730 535
6491 6837
7076 5970
6497 10407
1682 3831
1675 3831
2817 227
7088 7026
1858 351
4839 581
2018 2360
6352 2305
2081 2315
2081 1949
1513 2315
1621 2305
1505 2346
2037 581
5473 1959
5149 1809
802 833
985 535
7437 1959
12113 1959
12113 2496
1278 3799
3761 2702
3636 1959
6136 3641
7234 4590
1411 535
4994 227
4067 1063
2603 407
7241 3641
1843 1736
11227 3108
2081 1682
1431 7021
2051 2762
2180 1736
2394 2981
14938 0
8509 0
7231 2496
2081 5433
73 7774
4756 4590
6724 3722
6174 3761
2305 1015
2102 1959
2951 1950
2610 1675
5986 3761
279 1950
4976 1959
2422 1682
2595 2135
7762 1566
4522 3761
9446 1959
1843 1858
6068 3761
10156 1959
813 3761
698 1063
1796 351
3626 3641
3599 1959
4756 351
10001 10005
3975 3784
1835 351
2018 5417
2521 351
152 351
5341 2762
5341 5368
6137 2305
3942 1534
3416 2053
1411 3761
1431 5472
3877 330
1069 608
1682 6296
5397 3488
3248 3488
1177 351
3282 1959
227 3355
2610 6312
433 2122
1063 407
3818 1295
14570 1621
2363 4418
502 1621
12227 1621
9423 1621
3434 4418
2305 279
1408 3761
1069 1950
2162 2081
14611 765
7739 1621
235 202
734 61
13228 5108
2593 1513
2610 3831
14735 1431
9526 1431
4834 1959
2449 1426
1865 2045
2202 5417
3200 1959
6476 1959
5505 1431
2360 747
2305 1069
315 7088
4067 7774
11 2496
2071 1959
4067 1513
2363 3831
2321 1505
1546 1505
6913 1722
14924 0
3847 5021
1675 1950
2595 267
488 0
14964 1722
14931 0
3287 3831
5043 2018
5289 5915
5670 3667
5003 1722
3434 1015
11 2585
2396 1722
3116 1959
581 1722
2363 279
2363 3722
8095 1774
13215 13216
315 202
5483 4291
2422 12724
10969 3488
1675 3142
3162 1774
1411 1431
1411 1421
2814 2817
11366 7026
4839 1809
1143 3148
5549 3128
10533 1722
1865 227
2065 5108
2065 1722
2255 227
1796 1809
1682 3834
2321 12724
12139 2762
608 1849
1682 433
1631 227
9981 1015
2081 434
2360 74
5886 2394
1022 843
8409 3248
3676 3120
1022 2373
5238 3857
1127 3248
61 100
3200 1621
3636 2315
1022 1957
330 3675
5670 3831
3246 5915
3368 2762
2981 3675
1022 2502
937 1580
6597 2702
985 4259
2305 1950
1414 5397
2081 1675
2071 1621
2305 608
698 407
9371 1513
999 10629
14938 227
7149 12113
2202 3383
1022 3880
7013 1167
937 319
14956 2018
61 70
2051 1774
6653 202
1063 110
1022 2356
613 3380
3369 1505
5460 2018
2451 713
3882 104
330 2304
2305 3071
5675 9609
15017 1513
1950 11517
10037 2018
6592 2595
5970 104
407 1652
1177 2496
1022 643
15310 1513
11674 104
937 1621
937 5609
9813 104
581 104
2625 104
12139 3488
4599 3818
3945 2018
8419 4528
3128 2315
1950 2629
1950 1297
1950 2005
3626 3630
10001 3630
1950 1515
1950 1493
1279 1187
1858 104
10005 230
315 7076
1022 1062
985 3488
152 1631
6578 61
5576 1063
1736 104
1950 3741
4601 1985
13614 1063
5424 747
3324 61
508 61
2015 1241
6551 1063
4725 1063
6671 7088
6878 3081
7482 7026
3780 1063
13713 4291
11359 11366
689 698
608 6806
608 5631
2065 1631
1736 2018
1736 1063
3945 104
608 3611
5670 1078
